{
 "camera_angle_x": 0.4203651733243391,
 "frames": [
  {
   "file_path": "./neutral/-30_1",
   "rotation": 0.666,
   "expression": 0,
   "transform_matrix": [
    [
     0.15643446147441864,
     -0.4938441812992096,
     -0.8553631901741028,
     -13.685811042785645
    ],
    [
     0.0,
     0.8660253882408142,
     -0.5,
     -8.0
    ],
    [
     0.9876883625984192,
     0.07821723073720932,
     0.135476216673851,
     2.167619466781616
    ],
    [
     0.0,
     0.0,
     0.0,
     1.0
    ]
   ]
  },
  {
   "file_path": "./neutral/-30_2",
   "rotation": 0.666,
   "expression": 0,
   "transform_matrix": [
    [
     0.30901700258255005,
     -0.4755282700061798,
     -0.8236390948295593,
     -13.17822551727295
    ],
    [
     0.0,
     0.8660253882408142,
     -0.5,
     -8.0
    ],
    [
     0.9510565400123596,
     0.15450850129127502,
     0.2676165699958801,
     4.281865119934082
    ],
    [
     0.0,
     0.0,
     0.0,
     1.0
    ]
   ]
  },
  {
   "file_path": "./neutral/-30_3",
   "rotation": 0.666,
   "expression": 0,
   "transform_matrix": [
    [
     0.45399048924446106,
     -0.44550326466560364,
     -0.7716342806816101,
     -12.346148490905762
    ],
    [
     0.0,
     0.8660253882408142,
     -0.5,
     -8.0
    ],
    [
     0.8910065293312073,
     0.22699524462223053,
     0.39316728711128235,
     6.290676593780518
    ],
    [
     0.0,
     0.0,
     0.0,
     1.0
    ]
   ]
  },
  {
   "file_path": "./neutral/-30_4",
   "rotation": 0.666,
   "expression": 0,
   "transform_matrix": [
    [
     0.5877852439880371,
     -0.404508501291275,
     -0.7006292343139648,
     -11.210067749023438
    ],
    [
     0.0,
     0.8660253882408142,
     -0.5,
     -8.0
    ],
    [
     0.80901700258255,
     0.29389262199401855,
     0.5090369582176208,
     8.144591331481934
    ],
    [
     0.0,
     0.0,
     0.0,
     1.0
    ]
   ]
  },
  {
   "file_path": "./neutral/-30_5",
   "rotation": 0.666,
   "expression": 0,
   "transform_matrix": [
    [
     0.7071067690849304,
     -0.3535533845424652,
     -0.6123723983764648,
     -9.797958374023438
    ],
    [
     0.0,
     0.8660253882408142,
     -0.5,
     -8.0
    ],
    [
     0.7071067690849304,
     0.3535533845424652,
     0.6123723983764648,
     9.797958374023438
    ],
    [
     0.0,
     0.0,
     0.0,
     1.0
    ]
   ]
  },
  {
   "file_path": "./neutral/-30_6",
   "rotation": 0.666,
   "expression": 0,
   "transform_matrix": [
    [
     0.80901700258255,
     -0.29389262199401855,
     -0.5090369582176208,
     -8.144591331481934
    ],
    [
     0.0,
     0.8660253882408142,
     -0.5,
     -8.0
    ],
    [
     0.5877852439880371,
     0.404508501291275,
     0.7006292343139648,
     11.210067749023438
    ],
    [
     0.0,
     0.0,
     0.0,
     1.0
    ]
   ]
  },
  {
   "file_path": "./neutral/-30_7",
   "rotation": 0.666,
   "expression": 0,
   "transform_matrix": [
    [
     0.8910065293312073,
     -0.22699524462223053,
     -0.39316728711128235,
     -6.290676593780518
    ],
    [
     0.0,
     0.8660253882408142,
     -0.5,
     -8.0
    ],
    [
     0.45399048924446106,
     0.44550326466560364,
     0.7716342806816101,
     12.346148490905762
    ],
    [
     0.0,
     0.0,
     0.0,
     1.0
    ]
   ]
  },
  {
   "file_path": "./neutral/-30_8",
   "rotation": 0.666,
   "expression": 0,
   "transform_matrix": [
    [
     0.9510565400123596,
     -0.15450850129127502,
     -0.2676165699958801,
     -4.281865119934082
    ],
    [
     0.0,
     0.8660253882408142,
     -0.5,
     -8.0
    ],
    [
     0.30901700258255005,
     0.4755282700061798,
     0.8236390948295593,
     13.17822551727295
    ],
    [
     0.0,
     0.0,
     0.0,
     1.0
    ]
   ]
  },
  {
   "file_path": "./neutral/-30_9",
   "rotation": 0.666,
   "expression": 0,
   "transform_matrix": [
    [
     0.9876883625984192,
     -0.07821723073720932,
     -0.135476216673851,
     -2.167619466781616
    ],
    [
     0.0,
     0.8660253882408142,
     -0.5,
     -8.0
    ],
    [
     0.15643446147441864,
     0.4938441812992096,
     0.8553631901741028,
     13.685811042785645
    ],
    [
     0.0,
     0.0,
     0.0,
     1.0
    ]
   ]
  },
  {
   "file_path": "./neutral/-30_10",
   "rotation": 0.666,
   "expression": 0,
   "transform_matrix": [
    [
     1.0,
     0.0,
     0.0,
     -0.0
    ],
    [
     0.0,
     0.8660253882408142,
     -0.5,
     -8.0
    ],
    [
     0.0,
     0.5,
     0.8660253882408142,
     13.856406211853027
    ],
    [
     0.0,
     0.0,
     0.0,
     1.0
    ]
   ]
  },
  {
   "file_path": "./neutral/-30_14",
   "rotation": 0.666,
   "expression": 0,
   "transform_matrix": [
    [
     0.80901700258255,
     0.29389262199401855,
     0.5090369582176208,
     8.144591331481934
    ],
    [
     0.0,
     0.8660253882408142,
     -0.5,
     -8.0
    ],
    [
     -0.5877852439880371,
     0.404508501291275,
     0.7006292343139648,
     11.210067749023438
    ],
    [
     0.0,
     0.0,
     0.0,
     1.0
    ]
   ]
  },
  {
   "file_path": "./neutral/-30_15",
   "rotation": 0.666,
   "expression": 0,
   "transform_matrix": [
    [
     0.7071067690849304,
     0.3535533845424652,
     0.6123723983764648,
     9.797958374023438
    ],
    [
     0.0,
     0.8660253882408142,
     -0.5,
     -8.0
    ],
    [
     -0.7071067690849304,
     0.3535533845424652,
     0.6123723983764648,
     9.797958374023438
    ],
    [
     0.0,
     0.0,
     0.0,
     1.0
    ]
   ]
  },
  {
   "file_path": "./neutral/-30_16",
   "rotation": 0.666,
   "expression": 0,
   "transform_matrix": [
    [
     0.5877852439880371,
     0.404508501291275,
     0.7006292343139648,
     11.210067749023438
    ],
    [
     0.0,
     0.8660253882408142,
     -0.5,
     -8.0
    ],
    [
     -0.80901700258255,
     0.29389262199401855,
     0.5090369582176208,
     8.144591331481934
    ],
    [
     0.0,
     0.0,
     0.0,
     1.0
    ]
   ]
  },
  {
   "file_path": "./neutral/-30_18",
   "rotation": 0.666,
   "expression": 0,
   "transform_matrix": [
    [
     0.30901700258255005,
     0.4755282700061798,
     0.8236390948295593,
     13.17822551727295
    ],
    [
     0.0,
     0.8660253882408142,
     -0.5,
     -8.0
    ],
    [
     -0.9510565400123596,
     0.15450850129127502,
     0.2676165699958801,
     4.281865119934082
    ],
    [
     0.0,
     0.0,
     0.0,
     1.0
    ]
   ]
  },
  {
   "file_path": "./neutral/-30_19",
   "rotation": 0.666,
   "expression": 0,
   "transform_matrix": [
    [
     0.15643446147441864,
     0.4938441812992096,
     0.8553631901741028,
     13.685811042785645
    ],
    [
     0.0,
     0.8660253882408142,
     -0.5,
     -8.0
    ],
    [
     -0.9876883625984192,
     0.07821723073720932,
     0.135476216673851,
     2.167619466781616
    ],
    [
     0.0,
     0.0,
     0.0,
     1.0
    ]
   ]
  },
  {
   "file_path": "./neutral/-15_0",
   "rotation": 0.666,
   "expression": 0,
   "transform_matrix": [
    [
     6.123234262925839e-17,
     -0.258819043636322,
     -0.9659258127212524,
     -15.454813003540039
    ],
    [
     0.0,
     0.9659258127212524,
     -0.258819043636322,
     -4.141104698181152
    ],
    [
     1.0,
     1.5848095630968816e-17,
     5.914590195682404e-17,
     9.463344313091846e-16
    ],
    [
     0.0,
     0.0,
     0.0,
     1.0
    ]
   ]
  },
  {
   "file_path": "./neutral/-15_1",
   "rotation": 0.666,
   "expression": 0,
   "transform_matrix": [
    [
     0.15643446147441864,
     -0.25563254952430725,
     -0.9540336728096008,
     -15.264538764953613
    ],
    [
     0.0,
     0.9659258127212524,
     -0.258819043636322,
     -4.141104698181152
    ],
    [
     0.9876883625984192,
     0.040488217025995255,
     0.15110407769680023,
     2.4176652431488037
    ],
    [
     0.0,
     0.0,
     0.0,
     1.0
    ]
   ]
  },
  {
   "file_path": "./neutral/-15_2",
   "rotation": 0.666,
   "expression": 0,
   "transform_matrix": [
    [
     0.30901700258255005,
     -0.24615153670310974,
     -0.9186500906944275,
     -14.69840145111084
    ],
    [
     0.0,
     0.9659258127212524,
     -0.258819043636322,
     -4.141104698181152
    ],
    [
     0.9510565400123596,
     0.07997948676347733,
     0.29848751425743103,
     4.7758002281188965
    ],
    [
     0.0,
     0.0,
     0.0,
     1.0
    ]
   ]
  },
  {
   "file_path": "./neutral/-15_3",
   "rotation": 0.666,
   "expression": 0,
   "transform_matrix": [
    [
     0.45399048924446106,
     -0.2306094616651535,
     -0.8606461882591248,
     -13.770339012145996
    ],
    [
     0.0,
     0.9659258127212524,
     -0.258819043636322,
     -4.141104698181152
    ],
    [
     0.8910065293312073,
     0.1175013855099678,
     0.438521146774292,
     7.016338348388672
    ],
    [
     0.0,
     0.0,
     0.0,
     1.0
    ]
   ]
  },
  {
   "file_path": "./neutral/-15_4",
   "rotation": 0.666,
   "expression": 0,
   "transform_matrix": [
    [
     0.5877852439880371,
     -0.20938900113105774,
     -0.7814503908157349,
     -12.503206253051758
    ],
    [
     0.0,
     0.9659258127212524,
     -0.258819043636322,
     -4.141104698181152
    ],
    [
     0.80901700258255,
     0.15213000774383545,
     0.5677569508552551,
     9.084111213684082
    ],
    [
     0.0,
     0.0,
     0.0,
     1.0
    ]
   ]
  },
  {
   "file_path": "./neutral/-15_5",
   "rotation": 0.666,
   "expression": 0,
   "transform_matrix": [
    [
     0.7071067690849304,
     -0.1830126941204071,
     -0.6830126643180847,
     -10.928202629089355
    ],
    [
     0.0,
     0.9659258127212524,
     -0.258819043636322,
     -4.141104698181152
    ],
    [
     0.7071067690849304,
     0.1830126941204071,
     0.6830126643180847,
     10.928202629089355
    ],
    [
     0.0,
     0.0,
     0.0,
     1.0
    ]
   ]
  },
  {
   "file_path": "./neutral/-15_6",
   "rotation": 0.666,
   "expression": 0,
   "transform_matrix": [
    [
     0.80901700258255,
     -0.15213000774383545,
     -0.5677569508552551,
     -9.084111213684082
    ],
    [
     0.0,
     0.9659258127212524,
     -0.258819043636322,
     -4.141104698181152
    ],
    [
     0.5877852439880371,
     0.20938900113105774,
     0.7814503908157349,
     12.503206253051758
    ],
    [
     0.0,
     0.0,
     0.0,
     1.0
    ]
   ]
  },
  {
   "file_path": "./neutral/-15_8",
   "rotation": 0.666,
   "expression": 0,
   "transform_matrix": [
    [
     0.9510565400123596,
     -0.07997948676347733,
     -0.29848751425743103,
     -4.7758002281188965
    ],
    [
     0.0,
     0.9659258127212524,
     -0.258819043636322,
     -4.141104698181152
    ],
    [
     0.30901700258255005,
     0.24615153670310974,
     0.9186500906944275,
     14.69840145111084
    ],
    [
     0.0,
     0.0,
     0.0,
     1.0
    ]
   ]
  },
  {
   "file_path": "./neutral/-15_9",
   "rotation": 0.666,
   "expression": 0,
   "transform_matrix": [
    [
     0.9876883625984192,
     -0.040488217025995255,
     -0.15110407769680023,
     -2.4176652431488037
    ],
    [
     0.0,
     0.9659258127212524,
     -0.258819043636322,
     -4.141104698181152
    ],
    [
     0.15643446147441864,
     0.25563254952430725,
     0.9540336728096008,
     15.264538764953613
    ],
    [
     0.0,
     0.0,
     0.0,
     1.0
    ]
   ]
  },
  {
   "file_path": "./neutral/-15_10",
   "rotation": 0.666,
   "expression": 0,
   "transform_matrix": [
    [
     1.0,
     0.0,
     0.0,
     -0.0
    ],
    [
     0.0,
     0.9659258127212524,
     -0.258819043636322,
     -4.141104698181152
    ],
    [
     0.0,
     0.258819043636322,
     0.9659258127212524,
     15.454813003540039
    ],
    [
     0.0,
     0.0,
     0.0,
     1.0
    ]
   ]
  },
  {
   "file_path": "./neutral/-15_11",
   "rotation": 0.666,
   "expression": 0,
   "transform_matrix": [
    [
     0.9876883625984192,
     0.040488217025995255,
     0.15110407769680023,
     2.4176652431488037
    ],
    [
     0.0,
     0.9659258127212524,
     -0.258819043636322,
     -4.141104698181152
    ],
    [
     -0.15643446147441864,
     0.25563254952430725,
     0.9540336728096008,
     15.264538764953613
    ],
    [
     0.0,
     0.0,
     0.0,
     1.0
    ]
   ]
  },
  {
   "file_path": "./neutral/-15_12",
   "rotation": 0.666,
   "expression": 0,
   "transform_matrix": [
    [
     0.9510565400123596,
     0.07997948676347733,
     0.29848751425743103,
     4.7758002281188965
    ],
    [
     0.0,
     0.9659258127212524,
     -0.258819043636322,
     -4.141104698181152
    ],
    [
     -0.30901700258255005,
     0.24615153670310974,
     0.9186500906944275,
     14.69840145111084
    ],
    [
     0.0,
     0.0,
     0.0,
     1.0
    ]
   ]
  },
  {
   "file_path": "./neutral/-15_13",
   "rotation": 0.666,
   "expression": 0,
   "transform_matrix": [
    [
     0.8910065293312073,
     0.1175013855099678,
     0.438521146774292,
     7.016338348388672
    ],
    [
     0.0,
     0.9659258127212524,
     -0.258819043636322,
     -4.141104698181152
    ],
    [
     -0.45399048924446106,
     0.2306094616651535,
     0.8606461882591248,
     13.770339012145996
    ],
    [
     0.0,
     0.0,
     0.0,
     1.0
    ]
   ]
  },
  {
   "file_path": "./neutral/-15_14",
   "rotation": 0.666,
   "expression": 0,
   "transform_matrix": [
    [
     0.80901700258255,
     0.15213000774383545,
     0.5677569508552551,
     9.084111213684082
    ],
    [
     0.0,
     0.9659258127212524,
     -0.258819043636322,
     -4.141104698181152
    ],
    [
     -0.5877852439880371,
     0.20938900113105774,
     0.7814503908157349,
     12.503206253051758
    ],
    [
     0.0,
     0.0,
     0.0,
     1.0
    ]
   ]
  },
  {
   "file_path": "./neutral/-15_15",
   "rotation": 0.666,
   "expression": 0,
   "transform_matrix": [
    [
     0.7071067690849304,
     0.1830126941204071,
     0.6830126643180847,
     10.928202629089355
    ],
    [
     0.0,
     0.9659258127212524,
     -0.258819043636322,
     -4.141104698181152
    ],
    [
     -0.7071067690849304,
     0.1830126941204071,
     0.6830126643180847,
     10.928202629089355
    ],
    [
     0.0,
     0.0,
     0.0,
     1.0
    ]
   ]
  },
  {
   "file_path": "./neutral/-15_16",
   "rotation": 0.666,
   "expression": 0,
   "transform_matrix": [
    [
     0.5877852439880371,
     0.20938900113105774,
     0.7814503908157349,
     12.503206253051758
    ],
    [
     0.0,
     0.9659258127212524,
     -0.258819043636322,
     -4.141104698181152
    ],
    [
     -0.80901700258255,
     0.15213000774383545,
     0.5677569508552551,
     9.084111213684082
    ],
    [
     0.0,
     0.0,
     0.0,
     1.0
    ]
   ]
  },
  {
   "file_path": "./neutral/-15_17",
   "rotation": 0.666,
   "expression": 0,
   "transform_matrix": [
    [
     0.45399048924446106,
     0.2306094616651535,
     0.8606461882591248,
     13.770339012145996
    ],
    [
     0.0,
     0.9659258127212524,
     -0.258819043636322,
     -4.141104698181152
    ],
    [
     -0.8910065293312073,
     0.1175013855099678,
     0.438521146774292,
     7.016338348388672
    ],
    [
     0.0,
     0.0,
     0.0,
     1.0
    ]
   ]
  },
  {
   "file_path": "./neutral/-15_18",
   "rotation": 0.666,
   "expression": 0,
   "transform_matrix": [
    [
     0.30901700258255005,
     0.24615153670310974,
     0.9186500906944275,
     14.69840145111084
    ],
    [
     0.0,
     0.9659258127212524,
     -0.258819043636322,
     -4.141104698181152
    ],
    [
     -0.9510565400123596,
     0.07997948676347733,
     0.29848751425743103,
     4.7758002281188965
    ],
    [
     0.0,
     0.0,
     0.0,
     1.0
    ]
   ]
  },
  {
   "file_path": "./neutral/-15_19",
   "rotation": 0.666,
   "expression": 0,
   "transform_matrix": [
    [
     0.15643446147441864,
     0.25563254952430725,
     0.9540336728096008,
     15.264538764953613
    ],
    [
     0.0,
     0.9659258127212524,
     -0.258819043636322,
     -4.141104698181152
    ],
    [
     -0.9876883625984192,
     0.040488217025995255,
     0.15110407769680023,
     2.4176652431488037
    ],
    [
     0.0,
     0.0,
     0.0,
     1.0
    ]
   ]
  },
  {
   "file_path": "./neutral/0_0",
   "rotation": 0.666,
   "expression": 0,
   "transform_matrix": [
    [
     6.123234262925839e-17,
     0.0,
     -1.0,
     -16.0
    ],
    [
     0.0,
     1.0,
     0.0,
     -0.0
    ],
    [
     1.0,
     0.0,
     6.123234262925839e-17,
     9.797174820681343e-16
    ],
    [
     0.0,
     0.0,
     0.0,
     1.0
    ]
   ]
  },
  {
   "file_path": "./neutral/0_1",
   "rotation": 0.666,
   "expression": 0,
   "transform_matrix": [
    [
     0.15643446147441864,
     0.0,
     -0.9876883625984192,
     -15.803013801574707
    ],
    [
     0.0,
     1.0,
     0.0,
     -0.0
    ],
    [
     0.9876883625984192,
     0.0,
     0.15643446147441864,
     2.5029513835906982
    ],
    [
     0.0,
     0.0,
     0.0,
     1.0
    ]
   ]
  },
  {
   "file_path": "./neutral/0_2",
   "rotation": 0.666,
   "expression": 0,
   "transform_matrix": [
    [
     0.30901700258255005,
     0.0,
     -0.9510565400123596,
     -15.216904640197754
    ],
    [
     0.0,
     1.0,
     0.0,
     -0.0
    ],
    [
     0.9510565400123596,
     0.0,
     0.30901700258255005,
     4.944272041320801
    ],
    [
     0.0,
     0.0,
     0.0,
     1.0
    ]
   ]
  },
  {
   "file_path": "./neutral/0_3",
   "rotation": 0.666,
   "expression": 0,
   "transform_matrix": [
    [
     0.45399048924446106,
     0.0,
     -0.8910065293312073,
     -14.256104469299316
    ],
    [
     0.0,
     1.0,
     0.0,
     -0.0
    ],
    [
     0.8910065293312073,
     0.0,
     0.45399048924446106,
     7.263847827911377
    ],
    [
     0.0,
     0.0,
     0.0,
     1.0
    ]
   ]
  },
  {
   "file_path": "./neutral/0_4",
   "rotation": 0.666,
   "expression": 0,
   "transform_matrix": [
    [
     0.5877852439880371,
     0.0,
     -0.80901700258255,
     -12.9442720413208
    ],
    [
     0.0,
     1.0,
     0.0,
     -0.0
    ],
    [
     0.80901700258255,
     0.0,
     0.5877852439880371,
     9.404563903808594
    ],
    [
     0.0,
     0.0,
     0.0,
     1.0
    ]
   ]
  },
  {
   "file_path": "./neutral/0_5",
   "rotation": 0.666,
   "expression": 0,
   "transform_matrix": [
    [
     0.7071067690849304,
     0.0,
     -0.7071067690849304,
     -11.313708305358887
    ],
    [
     0.0,
     1.0,
     0.0,
     -0.0
    ],
    [
     0.7071067690849304,
     0.0,
     0.7071067690849304,
     11.313708305358887
    ],
    [
     0.0,
     0.0,
     0.0,
     1.0
    ]
   ]
  },
  {
   "file_path": "./neutral/0_6",
   "rotation": 0.666,
   "expression": 0,
   "transform_matrix": [
    [
     0.80901700258255,
     0.0,
     -0.5877852439880371,
     -9.404563903808594
    ],
    [
     0.0,
     1.0,
     0.0,
     -0.0
    ],
    [
     0.5877852439880371,
     0.0,
     0.80901700258255,
     12.9442720413208
    ],
    [
     0.0,
     0.0,
     0.0,
     1.0
    ]
   ]
  },
  {
   "file_path": "./neutral/0_7",
   "rotation": 0.666,
   "expression": 0,
   "transform_matrix": [
    [
     0.8910065293312073,
     0.0,
     -0.45399048924446106,
     -7.263847827911377
    ],
    [
     0.0,
     1.0,
     0.0,
     -0.0
    ],
    [
     0.45399048924446106,
     0.0,
     0.8910065293312073,
     14.256104469299316
    ],
    [
     0.0,
     0.0,
     0.0,
     1.0
    ]
   ]
  },
  {
   "file_path": "./neutral/0_8",
   "rotation": 0.666,
   "expression": 0,
   "transform_matrix": [
    [
     0.9510565400123596,
     0.0,
     -0.30901700258255005,
     -4.944272041320801
    ],
    [
     0.0,
     1.0,
     0.0,
     -0.0
    ],
    [
     0.30901700258255005,
     0.0,
     0.9510565400123596,
     15.216904640197754
    ],
    [
     0.0,
     0.0,
     0.0,
     1.0
    ]
   ]
  },
  {
   "file_path": "./neutral/0_9",
   "rotation": 0.666,
   "expression": 0,
   "transform_matrix": [
    [
     0.9876883625984192,
     0.0,
     -0.15643446147441864,
     -2.5029513835906982
    ],
    [
     0.0,
     1.0,
     0.0,
     -0.0
    ],
    [
     0.15643446147441864,
     0.0,
     0.9876883625984192,
     15.803013801574707
    ],
    [
     0.0,
     0.0,
     0.0,
     1.0
    ]
   ]
  },
  {
   "file_path": "./neutral/0_10",
   "rotation": 0.666,
   "expression": 0,
   "transform_matrix": [
    [
     1.0,
     0.0,
     0.0,
     -0.0
    ],
    [
     0.0,
     1.0,
     0.0,
     -0.0
    ],
    [
     0.0,
     0.0,
     1.0,
     16.0
    ],
    [
     0.0,
     0.0,
     0.0,
     1.0
    ]
   ]
  },
  {
   "file_path": "./neutral/0_11",
   "rotation": 0.666,
   "expression": 0,
   "transform_matrix": [
    [
     0.9876883625984192,
     0.0,
     0.15643446147441864,
     2.5029513835906982
    ],
    [
     0.0,
     1.0,
     0.0,
     -0.0
    ],
    [
     -0.15643446147441864,
     0.0,
     0.9876883625984192,
     15.803013801574707
    ],
    [
     0.0,
     0.0,
     0.0,
     1.0
    ]
   ]
  },
  {
   "file_path": "./neutral/0_13",
   "rotation": 0.666,
   "expression": 0,
   "transform_matrix": [
    [
     0.8910065293312073,
     0.0,
     0.45399048924446106,
     7.263847827911377
    ],
    [
     0.0,
     1.0,
     0.0,
     -0.0
    ],
    [
     -0.45399048924446106,
     0.0,
     0.8910065293312073,
     14.256104469299316
    ],
    [
     0.0,
     0.0,
     0.0,
     1.0
    ]
   ]
  },
  {
   "file_path": "./neutral/0_14",
   "rotation": 0.666,
   "expression": 0,
   "transform_matrix": [
    [
     0.80901700258255,
     0.0,
     0.5877852439880371,
     9.404563903808594
    ],
    [
     0.0,
     1.0,
     0.0,
     -0.0
    ],
    [
     -0.5877852439880371,
     0.0,
     0.80901700258255,
     12.9442720413208
    ],
    [
     0.0,
     0.0,
     0.0,
     1.0
    ]
   ]
  },
  {
   "file_path": "./neutral/0_15",
   "rotation": 0.666,
   "expression": 0,
   "transform_matrix": [
    [
     0.7071067690849304,
     0.0,
     0.7071067690849304,
     11.313708305358887
    ],
    [
     0.0,
     1.0,
     0.0,
     -0.0
    ],
    [
     -0.7071067690849304,
     0.0,
     0.7071067690849304,
     11.313708305358887
    ],
    [
     0.0,
     0.0,
     0.0,
     1.0
    ]
   ]
  },
  {
   "file_path": "./neutral/0_16",
   "rotation": 0.666,
   "expression": 0,
   "transform_matrix": [
    [
     0.5877852439880371,
     0.0,
     0.80901700258255,
     12.9442720413208
    ],
    [
     0.0,
     1.0,
     0.0,
     -0.0
    ],
    [
     -0.80901700258255,
     0.0,
     0.5877852439880371,
     9.404563903808594
    ],
    [
     0.0,
     0.0,
     0.0,
     1.0
    ]
   ]
  },
  {
   "file_path": "./neutral/0_17",
   "rotation": 0.666,
   "expression": 0,
   "transform_matrix": [
    [
     0.45399048924446106,
     0.0,
     0.8910065293312073,
     14.256104469299316
    ],
    [
     0.0,
     1.0,
     0.0,
     -0.0
    ],
    [
     -0.8910065293312073,
     0.0,
     0.45399048924446106,
     7.263847827911377
    ],
    [
     0.0,
     0.0,
     0.0,
     1.0
    ]
   ]
  },
  {
   "file_path": "./neutral/0_18",
   "rotation": 0.666,
   "expression": 0,
   "transform_matrix": [
    [
     0.30901700258255005,
     0.0,
     0.9510565400123596,
     15.216904640197754
    ],
    [
     0.0,
     1.0,
     0.0,
     -0.0
    ],
    [
     -0.9510565400123596,
     0.0,
     0.30901700258255005,
     4.944272041320801
    ],
    [
     0.0,
     0.0,
     0.0,
     1.0
    ]
   ]
  },
  {
   "file_path": "./neutral/0_19",
   "rotation": 0.666,
   "expression": 0,
   "transform_matrix": [
    [
     0.15643446147441864,
     0.0,
     0.9876883625984192,
     15.803013801574707
    ],
    [
     0.0,
     1.0,
     0.0,
     -0.0
    ],
    [
     -0.9876883625984192,
     0.0,
     0.15643446147441864,
     2.5029513835906982
    ],
    [
     0.0,
     0.0,
     0.0,
     1.0
    ]
   ]
  },
  {
   "file_path": "./neutral/15_0",
   "rotation": 0.666,
   "expression": 0,
   "transform_matrix": [
    [
     6.123234262925839e-17,
     0.258819043636322,
     -0.9659258127212524,
     -15.454813003540039
    ],
    [
     0.0,
     0.9659258127212524,
     0.258819043636322,
     4.141104698181152
    ],
    [
     1.0,
     -1.5848095630968816e-17,
     5.914590195682404e-17,
     9.463344313091846e-16
    ],
    [
     0.0,
     0.0,
     0.0,
     1.0
    ]
   ]
  },
  {
   "file_path": "./neutral/15_2",
   "rotation": 0.666,
   "expression": 0,
   "transform_matrix": [
    [
     0.30901700258255005,
     0.24615153670310974,
     -0.9186500906944275,
     -14.69840145111084
    ],
    [
     0.0,
     0.9659258127212524,
     0.258819043636322,
     4.141104698181152
    ],
    [
     0.9510565400123596,
     -0.07997948676347733,
     0.29848751425743103,
     4.7758002281188965
    ],
    [
     0.0,
     0.0,
     0.0,
     1.0
    ]
   ]
  },
  {
   "file_path": "./neutral/15_3",
   "rotation": 0.666,
   "expression": 0,
   "transform_matrix": [
    [
     0.45399048924446106,
     0.2306094616651535,
     -0.8606461882591248,
     -13.770339012145996
    ],
    [
     0.0,
     0.9659258127212524,
     0.258819043636322,
     4.141104698181152
    ],
    [
     0.8910065293312073,
     -0.1175013855099678,
     0.438521146774292,
     7.016338348388672
    ],
    [
     0.0,
     0.0,
     0.0,
     1.0
    ]
   ]
  },
  {
   "file_path": "./neutral/15_5",
   "rotation": 0.666,
   "expression": 0,
   "transform_matrix": [
    [
     0.7071067690849304,
     0.1830126941204071,
     -0.6830126643180847,
     -10.928202629089355
    ],
    [
     0.0,
     0.9659258127212524,
     0.258819043636322,
     4.141104698181152
    ],
    [
     0.7071067690849304,
     -0.1830126941204071,
     0.6830126643180847,
     10.928202629089355
    ],
    [
     0.0,
     0.0,
     0.0,
     1.0
    ]
   ]
  },
  {
   "file_path": "./neutral/15_7",
   "rotation": 0.666,
   "expression": 0,
   "transform_matrix": [
    [
     0.8910065293312073,
     0.1175013855099678,
     -0.438521146774292,
     -7.016338348388672
    ],
    [
     0.0,
     0.9659258127212524,
     0.258819043636322,
     4.141104698181152
    ],
    [
     0.45399048924446106,
     -0.2306094616651535,
     0.8606461882591248,
     13.770339012145996
    ],
    [
     0.0,
     0.0,
     0.0,
     1.0
    ]
   ]
  },
  {
   "file_path": "./neutral/15_11",
   "rotation": 0.666,
   "expression": 0,
   "transform_matrix": [
    [
     0.9876883625984192,
     -0.040488217025995255,
     0.15110407769680023,
     2.4176652431488037
    ],
    [
     0.0,
     0.9659258127212524,
     0.258819043636322,
     4.141104698181152
    ],
    [
     -0.15643446147441864,
     -0.25563254952430725,
     0.9540336728096008,
     15.264538764953613
    ],
    [
     0.0,
     0.0,
     0.0,
     1.0
    ]
   ]
  },
  {
   "file_path": "./neutral/15_13",
   "rotation": 0.666,
   "expression": 0,
   "transform_matrix": [
    [
     0.8910065293312073,
     -0.1175013855099678,
     0.438521146774292,
     7.016338348388672
    ],
    [
     0.0,
     0.9659258127212524,
     0.258819043636322,
     4.141104698181152
    ],
    [
     -0.45399048924446106,
     -0.2306094616651535,
     0.8606461882591248,
     13.770339012145996
    ],
    [
     0.0,
     0.0,
     0.0,
     1.0
    ]
   ]
  },
  {
   "file_path": "./neutral/15_14",
   "rotation": 0.666,
   "expression": 0,
   "transform_matrix": [
    [
     0.80901700258255,
     -0.15213000774383545,
     0.5677569508552551,
     9.084111213684082
    ],
    [
     0.0,
     0.9659258127212524,
     0.258819043636322,
     4.141104698181152
    ],
    [
     -0.5877852439880371,
     -0.20938900113105774,
     0.7814503908157349,
     12.503206253051758
    ],
    [
     0.0,
     0.0,
     0.0,
     1.0
    ]
   ]
  },
  {
   "file_path": "./neutral/15_15",
   "rotation": 0.666,
   "expression": 0,
   "transform_matrix": [
    [
     0.7071067690849304,
     -0.1830126941204071,
     0.6830126643180847,
     10.928202629089355
    ],
    [
     0.0,
     0.9659258127212524,
     0.258819043636322,
     4.141104698181152
    ],
    [
     -0.7071067690849304,
     -0.1830126941204071,
     0.6830126643180847,
     10.928202629089355
    ],
    [
     0.0,
     0.0,
     0.0,
     1.0
    ]
   ]
  },
  {
   "file_path": "./neutral/15_16",
   "rotation": 0.666,
   "expression": 0,
   "transform_matrix": [
    [
     0.5877852439880371,
     -0.20938900113105774,
     0.7814503908157349,
     12.503206253051758
    ],
    [
     0.0,
     0.9659258127212524,
     0.258819043636322,
     4.141104698181152
    ],
    [
     -0.80901700258255,
     -0.15213000774383545,
     0.5677569508552551,
     9.084111213684082
    ],
    [
     0.0,
     0.0,
     0.0,
     1.0
    ]
   ]
  },
  {
   "file_path": "./neutral/15_17",
   "rotation": 0.666,
   "expression": 0,
   "transform_matrix": [
    [
     0.45399048924446106,
     -0.2306094616651535,
     0.8606461882591248,
     13.770339012145996
    ],
    [
     0.0,
     0.9659258127212524,
     0.258819043636322,
     4.141104698181152
    ],
    [
     -0.8910065293312073,
     -0.1175013855099678,
     0.438521146774292,
     7.016338348388672
    ],
    [
     0.0,
     0.0,
     0.0,
     1.0
    ]
   ]
  },
  {
   "file_path": "./neutral/15_18",
   "rotation": 0.666,
   "expression": 0,
   "transform_matrix": [
    [
     0.30901700258255005,
     -0.24615153670310974,
     0.9186500906944275,
     14.69840145111084
    ],
    [
     0.0,
     0.9659258127212524,
     0.258819043636322,
     4.141104698181152
    ],
    [
     -0.9510565400123596,
     -0.07997948676347733,
     0.29848751425743103,
     4.7758002281188965
    ],
    [
     0.0,
     0.0,
     0.0,
     1.0
    ]
   ]
  },
  {
   "file_path": "./neutral/15_19",
   "rotation": 0.666,
   "expression": 0,
   "transform_matrix": [
    [
     0.15643446147441864,
     -0.25563254952430725,
     0.9540336728096008,
     15.264538764953613
    ],
    [
     0.0,
     0.9659258127212524,
     0.258819043636322,
     4.141104698181152
    ],
    [
     -0.9876883625984192,
     -0.040488217025995255,
     0.15110407769680023,
     2.4176652431488037
    ],
    [
     0.0,
     0.0,
     0.0,
     1.0
    ]
   ]
  },
  {
   "file_path": "./neutral/30_0",
   "rotation": 0.666,
   "expression": 0,
   "transform_matrix": [
    [
     6.123234262925839e-17,
     0.5,
     -0.8660253882408142,
     -13.856406211853027
    ],
    [
     0.0,
     0.8660253882408142,
     0.5,
     8.0
    ],
    [
     1.0,
     -3.0616171314629196e-17,
     5.302876236065149e-17,
     8.484601977704238e-16
    ],
    [
     0.0,
     0.0,
     0.0,
     1.0
    ]
   ]
  },
  {
   "file_path": "./neutral/30_1",
   "rotation": 0.666,
   "expression": 0,
   "transform_matrix": [
    [
     0.15643446147441864,
     0.4938441812992096,
     -0.8553631901741028,
     -13.685811042785645
    ],
    [
     0.0,
     0.8660253882408142,
     0.5,
     8.0
    ],
    [
     0.9876883625984192,
     -0.07821723073720932,
     0.135476216673851,
     2.167619466781616
    ],
    [
     0.0,
     0.0,
     0.0,
     1.0
    ]
   ]
  },
  {
   "file_path": "./neutral/30_2",
   "rotation": 0.666,
   "expression": 0,
   "transform_matrix": [
    [
     0.30901700258255005,
     0.4755282700061798,
     -0.8236390948295593,
     -13.17822551727295
    ],
    [
     0.0,
     0.8660253882408142,
     0.5,
     8.0
    ],
    [
     0.9510565400123596,
     -0.15450850129127502,
     0.2676165699958801,
     4.281865119934082
    ],
    [
     0.0,
     0.0,
     0.0,
     1.0
    ]
   ]
  },
  {
   "file_path": "./neutral/30_3",
   "rotation": 0.666,
   "expression": 0,
   "transform_matrix": [
    [
     0.45399048924446106,
     0.44550326466560364,
     -0.7716342806816101,
     -12.346148490905762
    ],
    [
     0.0,
     0.8660253882408142,
     0.5,
     8.0
    ],
    [
     0.8910065293312073,
     -0.22699524462223053,
     0.39316728711128235,
     6.290676593780518
    ],
    [
     0.0,
     0.0,
     0.0,
     1.0
    ]
   ]
  },
  {
   "file_path": "./neutral/30_4",
   "rotation": 0.666,
   "expression": 0,
   "transform_matrix": [
    [
     0.5877852439880371,
     0.404508501291275,
     -0.7006292343139648,
     -11.210067749023438
    ],
    [
     0.0,
     0.8660253882408142,
     0.5,
     8.0
    ],
    [
     0.80901700258255,
     -0.29389262199401855,
     0.5090369582176208,
     8.144591331481934
    ],
    [
     0.0,
     0.0,
     0.0,
     1.0
    ]
   ]
  },
  {
   "file_path": "./neutral/30_5",
   "rotation": 0.666,
   "expression": 0,
   "transform_matrix": [
    [
     0.7071067690849304,
     0.3535533845424652,
     -0.6123723983764648,
     -9.797958374023438
    ],
    [
     0.0,
     0.8660253882408142,
     0.5,
     8.0
    ],
    [
     0.7071067690849304,
     -0.3535533845424652,
     0.6123723983764648,
     9.797958374023438
    ],
    [
     0.0,
     0.0,
     0.0,
     1.0
    ]
   ]
  },
  {
   "file_path": "./neutral/30_6",
   "rotation": 0.666,
   "expression": 0,
   "transform_matrix": [
    [
     0.80901700258255,
     0.29389262199401855,
     -0.5090369582176208,
     -8.144591331481934
    ],
    [
     0.0,
     0.8660253882408142,
     0.5,
     8.0
    ],
    [
     0.5877852439880371,
     -0.404508501291275,
     0.7006292343139648,
     11.210067749023438
    ],
    [
     0.0,
     0.0,
     0.0,
     1.0
    ]
   ]
  },
  {
   "file_path": "./neutral/30_7",
   "rotation": 0.666,
   "expression": 0,
   "transform_matrix": [
    [
     0.8910065293312073,
     0.22699524462223053,
     -0.39316728711128235,
     -6.290676593780518
    ],
    [
     0.0,
     0.8660253882408142,
     0.5,
     8.0
    ],
    [
     0.45399048924446106,
     -0.44550326466560364,
     0.7716342806816101,
     12.346148490905762
    ],
    [
     0.0,
     0.0,
     0.0,
     1.0
    ]
   ]
  },
  {
   "file_path": "./neutral/30_8",
   "rotation": 0.666,
   "expression": 0,
   "transform_matrix": [
    [
     0.9510565400123596,
     0.15450850129127502,
     -0.2676165699958801,
     -4.281865119934082
    ],
    [
     0.0,
     0.8660253882408142,
     0.5,
     8.0
    ],
    [
     0.30901700258255005,
     -0.4755282700061798,
     0.8236390948295593,
     13.17822551727295
    ],
    [
     0.0,
     0.0,
     0.0,
     1.0
    ]
   ]
  },
  {
   "file_path": "./neutral/30_10",
   "rotation": 0.666,
   "expression": 0,
   "transform_matrix": [
    [
     1.0,
     0.0,
     0.0,
     -0.0
    ],
    [
     0.0,
     0.8660253882408142,
     0.5,
     8.0
    ],
    [
     0.0,
     -0.5,
     0.8660253882408142,
     13.856406211853027
    ],
    [
     0.0,
     0.0,
     0.0,
     1.0
    ]
   ]
  },
  {
   "file_path": "./neutral/30_11",
   "rotation": 0.666,
   "expression": 0,
   "transform_matrix": [
    [
     0.9876883625984192,
     -0.07821723073720932,
     0.135476216673851,
     2.167619466781616
    ],
    [
     0.0,
     0.8660253882408142,
     0.5,
     8.0
    ],
    [
     -0.15643446147441864,
     -0.4938441812992096,
     0.8553631901741028,
     13.685811042785645
    ],
    [
     0.0,
     0.0,
     0.0,
     1.0
    ]
   ]
  },
  {
   "file_path": "./neutral/30_12",
   "rotation": 0.666,
   "expression": 0,
   "transform_matrix": [
    [
     0.9510565400123596,
     -0.15450850129127502,
     0.2676165699958801,
     4.281865119934082
    ],
    [
     0.0,
     0.8660253882408142,
     0.5,
     8.0
    ],
    [
     -0.30901700258255005,
     -0.4755282700061798,
     0.8236390948295593,
     13.17822551727295
    ],
    [
     0.0,
     0.0,
     0.0,
     1.0
    ]
   ]
  },
  {
   "file_path": "./neutral/30_13",
   "rotation": 0.666,
   "expression": 0,
   "transform_matrix": [
    [
     0.8910065293312073,
     -0.22699524462223053,
     0.39316728711128235,
     6.290676593780518
    ],
    [
     0.0,
     0.8660253882408142,
     0.5,
     8.0
    ],
    [
     -0.45399048924446106,
     -0.44550326466560364,
     0.7716342806816101,
     12.346148490905762
    ],
    [
     0.0,
     0.0,
     0.0,
     1.0
    ]
   ]
  },
  {
   "file_path": "./neutral/30_14",
   "rotation": 0.666,
   "expression": 0,
   "transform_matrix": [
    [
     0.80901700258255,
     -0.29389262199401855,
     0.5090369582176208,
     8.144591331481934
    ],
    [
     0.0,
     0.8660253882408142,
     0.5,
     8.0
    ],
    [
     -0.5877852439880371,
     -0.404508501291275,
     0.7006292343139648,
     11.210067749023438
    ],
    [
     0.0,
     0.0,
     0.0,
     1.0
    ]
   ]
  },
  {
   "file_path": "./neutral/30_16",
   "rotation": 0.666,
   "expression": 0,
   "transform_matrix": [
    [
     0.5877852439880371,
     -0.404508501291275,
     0.7006292343139648,
     11.210067749023438
    ],
    [
     0.0,
     0.8660253882408142,
     0.5,
     8.0
    ],
    [
     -0.80901700258255,
     -0.29389262199401855,
     0.5090369582176208,
     8.144591331481934
    ],
    [
     0.0,
     0.0,
     0.0,
     1.0
    ]
   ]
  },
  {
   "file_path": "./neutral/30_18",
   "rotation": 0.666,
   "expression": 0,
   "transform_matrix": [
    [
     0.30901700258255005,
     -0.4755282700061798,
     0.8236390948295593,
     13.17822551727295
    ],
    [
     0.0,
     0.8660253882408142,
     0.5,
     8.0
    ],
    [
     -0.9510565400123596,
     -0.15450850129127502,
     0.2676165699958801,
     4.281865119934082
    ],
    [
     0.0,
     0.0,
     0.0,
     1.0
    ]
   ]
  },
  {
   "file_path": "./neutral/30_19",
   "rotation": 0.666,
   "expression": 0,
   "transform_matrix": [
    [
     0.15643446147441864,
     -0.4938441812992096,
     0.8553631901741028,
     13.685811042785645
    ],
    [
     0.0,
     0.8660253882408142,
     0.5,
     8.0
    ],
    [
     -0.9876883625984192,
     -0.07821723073720932,
     0.135476216673851,
     2.167619466781616
    ],
    [
     0.0,
     0.0,
     0.0,
     1.0
    ]
   ]
  },
  {
   "file_path": "./neutral/45_0",
   "rotation": 0.666,
   "expression": 0,
   "transform_matrix": [
    [
     6.123234262925839e-17,
     0.7071067690849304,
     -0.7071067690849304,
     -11.313708305358887
    ],
    [
     0.0,
     0.7071067690849304,
     0.7071067690849304,
     11.313708305358887
    ],
    [
     1.0,
     -4.329780301713277e-17,
     4.329780301713277e-17,
     6.927648482741243e-16
    ],
    [
     0.0,
     0.0,
     0.0,
     1.0
    ]
   ]
  },
  {
   "file_path": "./neutral/45_1",
   "rotation": 0.666,
   "expression": 0,
   "transform_matrix": [
    [
     0.15643446147441864,
     0.698401153087616,
     -0.698401153087616,
     -11.174418449401855
    ],
    [
     0.0,
     0.7071067690849304,
     0.7071067690849304,
     11.313708305358887
    ],
    [
     0.9876883625984192,
     -0.11061586439609528,
     0.11061586439609528,
     1.7698538303375244
    ],
    [
     0.0,
     0.0,
     0.0,
     1.0
    ]
   ]
  },
  {
   "file_path": "./neutral/45_3",
   "rotation": 0.666,
   "expression": 0,
   "transform_matrix": [
    [
     0.45399048924446106,
     0.6300367712974548,
     -0.6300367712974548,
     -10.080588340759277
    ],
    [
     0.0,
     0.7071067690849304,
     0.7071067690849304,
     11.313708305358887
    ],
    [
     0.8910065293312073,
     -0.3210197389125824,
     0.3210197389125824,
     5.136315822601318
    ],
    [
     0.0,
     0.0,
     0.0,
     1.0
    ]
   ]
  },
  {
   "file_path": "./neutral/45_4",
   "rotation": 0.666,
   "expression": 0,
   "transform_matrix": [
    [
     0.5877852439880371,
     0.5720614194869995,
     -0.5720614194869995,
     -9.152982711791992
    ],
    [
     0.0,
     0.7071067690849304,
     0.7071067690849304,
     11.313708305358887
    ],
    [
     0.80901700258255,
     -0.4156269133090973,
     0.4156269133090973,
     6.650030612945557
    ],
    [
     0.0,
     0.0,
     0.0,
     1.0
    ]
   ]
  },
  {
   "file_path": "./neutral/45_5",
   "rotation": 0.666,
   "expression": 0,
